1728853060.58:[1.6, 0.56, 9.8, 0.0, -0.01, -0.0]
1728853060.59:[1.43, 0.47, 10.02, 0.0, -0.01, -0.0]
1728853060.61:[2.0, 0.34, 9.14, 0.0, -0.01, -0.0]
1728853060.62:[1.96, 0.15, 8.34, 0.0, -0.01, -0.0]
1728853060.63:[1.8, -0.04, 9.64, 0.0, -0.01, -0.0]
1728853060.64:[1.56, 0.36, 10.08, 0.0, -0.01, -0.0]
1728853060.66:[1.55, 0.71, 9.66, 0.0, -0.01, -0.0]
1728853060.67:[1.85, 0.36, 8.81, 0.0, -0.01, -0.0]
1728853060.68:[1.99, -0.01, 8.25, 0.0, -0.01, -0.0]
1728853060.69:[1.84, 0.12, 9.05, 0.0, -0.01, -0.0]
1728853060.71:[1.78, 0.47, 9.64, 0.0, -0.01, -0.0]
1728853060.72:[1.63, 0.61, 9.11, 0.0, -0.01, -0.0]
1728853060.73:[1.82, 0.46, 8.21, 0.0, -0.01, -0.0]
1728853060.74:[1.9, 0.03, 8.57, 0.0, -0.01, -0.0]
1728853060.76:[1.78, 0.16, 9.68, 0.0, -0.01, -0.0]
1728853060.77:[1.65, 0.5, 10.25, 0.0, -0.01, -0.0]
1728853060.78:[1.72, 0.54, 9.13, 0.0, -0.01, -0.0]
1728853060.79:[1.91, 0.34, 8.62, 0.0, -0.01, -0.0]
1728853060.81:[1.88, -0.02, 8.28, 0.0, -0.01, -0.0]
1728853060.82:[1.95, 0.25, 9.23, 0.0, -0.01, -0.0]
1728853060.83:[1.84, 0.57, 9.67, 0.0, -0.01, -0.0]
1728853060.85:[1.78, 0.06, 8.36, 0.0, -0.01, -0.0]
1728853060.86:[1.73, 0.17, 9.29, 0.0, -0.01, -0.0]
1728853060.87:[1.65, 0.53, 9.75, 0.0, -0.01, -0.0]
1728853060.88:[1.86, 0.67, 9.15, 0.0, -0.01, -0.0]
1728853060.90:[1.96, 0.28, 8.21, 0.0, -0.01, -0.0]
1728853060.91:[1.92, -0.06, 8.34, 0.0, -0.01, -0.0]
1728853060.92:[1.91, 0.21, 9.31, 0.0, -0.01, -0.0]
1728853060.93:[1.88, 0.52, 9.92, 0.0, -0.01, -0.0]
1728853060.95:[1.63, 0.49, 9.02, 0.0, -0.01, -0.0]
1728853060.96:[1.82, 0.36, 8.55, 0.0, -0.01, -0.0]
1728853060.97:[1.87, -0.03, 9.11, 0.0, -0.01, -0.0]
1728853060.98:[1.77, 0.45, 10.07, 0.0, -0.01, -0.0]
1728853061.00:[1.74, 0.55, 10.21, 0.0, -0.01, -0.0]
1728853061.01:[1.84, 0.65, 8.91, 0.0, -0.01, -0.0]
1728853061.02:[1.9, 0.3, 8.21, 0.0, -0.01, -0.0]
1728853061.03:[1.88, -0.05, 8.5, 0.0, -0.01, -0.0]
1728853061.05:[1.82, 0.16, 9.61, 0.0, -0.01, -0.0]
1728853061.06:[1.85, 0.53, 10.18, 0.0, -0.01, -0.0]
1728853061.07:[1.97, 0.45, 9.15, 0.0, -0.01, -0.0]
1728853061.08:[2.04, 0.12, 8.57, 0.0, -0.01, -0.0]
1728853061.10:[1.96, -0.03, 9.26, 0.0, -0.01, -0.0]
1728853061.11:[1.67, 0.41, 10.37, 0.0, -0.01, -0.0]
1728853061.12:[1.68, 0.71, 10.0, 0.0, -0.01, -0.0]
1728853061.14:[1.98, 0.49, 8.82, 0.0, -0.01, -0.0]
1728853061.15:[2.08, 0.06, 8.67, 0.0, -0.01, -0.0]
1728853061.16:[1.95, 0.09, 9.31, 0.0, -0.01, -0.0]
1728853061.17:[1.62, 0.51, 10.14, 0.0, -0.01, -0.0]
1728853061.19:[1.67, 0.7, 9.29, 0.0, -0.01, -0.0]
1728853061.20:[1.84, 0.4, 8.34, 0.0, -0.01, -0.0]
1728853061.21:[1.8, 0.03, 8.32, 0.0, -0.01, -0.0]
1728853061.22:[1.79, 0.15, 9.08, 0.0, -0.01, -0.0]
1728853061.24:[1.71, 0.56, 9.75, 0.0, -0.01, -0.0]
1728853061.25:[1.79, 0.6, 9.13, 0.0, -0.01, -0.0]
1728853061.26:[1.76, 0.23, 8.3, 0.0, -0.01, -0.0]
1728853061.27:[1.82, -0.03, 8.69, 0.0, -0.01, -0.0]
1728853061.29:[1.69, 0.26, 9.78, 0.0, -0.01, -0.0]
1728853061.30:[1.77, 0.6, 10.27, 0.0, -0.01, -0.0]
1728853061.31:[1.87, 0.53, 9.19, 0.0, -0.01, -0.0]
1728853061.32:[1.87, 0.13, 8.72, 0.0, -0.01, -0.0]
1728853061.34:[1.8, -0.01, 9.38, 0.0, -0.01, -0.0]
1728853061.35:[1.67, 0.4, 10.26, 0.0, -0.01, -0.0]
1728853061.36:[1.74, 0.68, 9.92, 0.0, -0.01, -0.0]
1728853061.38:[1.93, 0.46, 8.87, 0.0, -0.01, -0.0]
1728853061.39:[1.94, 0.04, 8.54, 0.0, -0.01, -0.0]
1728853061.40:[1.76, 0.09, 9.3, 0.0, -0.01, -0.0]
1728853061.41:[1.71, 0.51, 9.84, 0.0, -0.01, -0.0]
1728853061.43:[1.74, 0.72, 9.42, 0.0, -0.01, -0.0]
1728853061.44:[1.97, 0.41, 8.28, 0.0, -0.01, -0.0]
1728853061.45:[1.91, 0.01, 8.28, 0.0, -0.01, -0.0]
1728853061.46:[1.77, 0.15, 9.2, 0.0, -0.01, -0.0]
1728853061.48:[1.51, 0.45, 9.82, 0.0, -0.01, -0.0]
1728853061.49:[1.54, 0.56, 9.14, 0.0, -0.01, -0.0]
1728853061.50:[1.75, 0.49, 8.21, 0.0, -0.01, -0.0]
1728853061.51:[1.81, 0.08, 8.53, 0.0, -0.01, -0.0]
1728853061.53:[1.61, 0.13, 9.35, 0.0, -0.01, -0.0]
1728853061.54:[1.51, 0.52, 9.96, 0.0, -0.01, -0.0]
1728853061.55:[1.6, 0.73, 9.15, 0.0, -0.01, -0.0]
1728853061.56:[1.83, 0.4, 8.62, 0.0, -0.01, -0.0]
1728853061.58:[1.87, 0.02, 9.06, 0.0, -0.01, -0.0]
1728853061.59:[1.84, 0.15, 9.15, 0.0, -0.01, -0.0]
1728853061.60:[1.73, 0.51, 9.79, 0.0, -0.01, -0.0]
1728853061.61:[1.93, 0.59, 9.17, 0.0, -0.01, -0.0]
1728853061.63:[2.0, 0.26, 8.21, 0.0, -0.01, -0.0]
1728853061.64:[2.02, -0.05, 8.42, 0.0, -0.01, -0.0]
1728853061.65:[2.02, 0.19, 9.46, 0.0, -0.01, -0.0]
1728853061.66:[1.98, 0.54, 10.01, 0.0, -0.01, -0.0]
1728853061.68:[2.01, 0.53, 8.7, 0.0, -0.01, -0.0]
1728853061.69:[1.98, 0.15, 8.48, 0.0, -0.01, -0.0]
1728853061.70:[1.87, 0.08, 9.16, 0.0, -0.01, -0.0]
1728853061.71:[1.57, 0.52, 9.81, 0.0, -0.01, -0.0]
1728853061.73:[1.71, 0.68, 9.16, 0.0, -0.01, -0.0]
1728853061.74:[1.8, 0.34, 8.29, 0.0, -0.01, -0.0]
1728853061.75:[1.76, 0.02, 8.31, 0.0, -0.01, -0.0]
1728853061.76:[1.97, 0.16, 9.26, 0.0, -0.01, -0.0]
1728853061.78:[1.47, 0.6, 9.83, 0.0, -0.01, -0.0]
1728853061.79:[1.49, 0.74, 9.18, 0.0, -0.01, -0.0]
1728853061.80:[1.69, 0.51, 8.3, 0.0, -0.01, -0.0]
1728853061.82:[1.76, 0.08, 8.54, 0.0, -0.01, -0.0]
1728853061.83:[1.62, 0.09, 9.28, 0.0, -0.01, -0.0]
1728853061.84:[1.55, 0.5, 9.88, 0.0, -0.01, -0.0]
1728853061.85:[1.73, 0.74, 9.43, 0.0, -0.01, -0.0]
1728853061.86:[1.93, 0.41, 8.33, 0.0, -0.01, -0.0]
1728853061.88:[1.95, 0.03, 8.22, 0.0, -0.01, -0.0]
1728853061.89:[1.94, 0.12, 9.2, 0.01, -0.01, -0.0]
1728853061.90:[1.93, 0.56, 9.65, 0.0, -0.01, -0.0]
1728853061.92:[2.24, 0.48, 8.88, 0.0, -0.01, -0.0]
1728853061.93:[1.92, 0.37, 8.41, 0.0, -0.01, -0.0]
1728853061.94:[2.21, -0.09, 8.43, 0.0, -0.01, -0.0]
1728853061.95:[1.84, 0.29, 9.46, 0.0, -0.01, -0.0]
1728853061.97:[2.25, 0.28, 9.82, 0.0, -0.01, -0.0]
1728853061.98:[1.96, 0.55, 9.1, 0.0, -0.01, -0.0]
1728853061.99:[1.84, 0.16, 8.51, 0.0, -0.01, -0.0]
1728853062.00:[1.95, 0.12, 8.93, 0.0, -0.01, -0.0]
1728853062.02:[1.71, 0.2, 10.03, 0.0, -0.01, -0.0]
1728853062.03:[1.64, 0.62, 10.21, 0.0, -0.01, -0.0]
1728853062.04:[1.72, 0.58, 9.17, 0.0, -0.01, -0.0]
1728853062.05:[1.68, 0.2, 8.71, 0.0, -0.01, -0.0]
1728853062.07:[1.56, 0.04, 9.39, 0.0, -0.01, -0.0]
1728853062.08:[1.33, 0.4, 10.41, 0.0, -0.01, -0.0]
1728853062.09:[1.47, 0.72, 10.0, 0.0, -0.01, -0.0]
1728853062.10:[1.75, 0.52, 8.95, 0.0, -0.01, -0.0]
1728853062.12:[1.79, 0.2, 8.62, 0.0, -0.01, -0.0]
1728853062.13:[1.77, 0.1, 9.41, 0.0, -0.01, -0.0]
1728853062.14:[1.54, 0.51, 10.04, 0.0, -0.01, -0.0]
1728853062.15:[1.89, 0.91, 9.5, 0.0, -0.01, -0.0]
1728853062.17:[1.99, 0.58, 8.55, 0.0, -0.01, -0.0]
1728853062.18:[2.03, 0.14, 8.4, 0.0, -0.01, -0.0]
1728853062.19:[2.0, -0.02, 9.2, 0.0, -0.01, -0.0]
1728853062.20:[1.95, 0.54, 9.93, 0.0, -0.01, -0.0]
1728853062.22:[2.28, 0.38, 10.16, 0.0, -0.01, -0.0]
1728853062.23:[2.03, 0.57, 8.34, 0.0, -0.01, -0.0]
1728853062.24:[1.99, 0.31, 8.23, 0.01, 0.01, -0.0]
1728853062.26:[0.48, 0.46, 9.23, -0.24, 0.22, 0.02]
1728853062.27:[1.89, 0.52, 9.85, -0.01, 0.0, 0.0]
1728853062.28:[1.9, 0.41, 8.79, -0.01, 0.0, 0.0]
1728853062.29:[1.88, -0.03, 8.44, -0.01, 0.0, 0.0]
1728853062.31:[1.79, 0.05, 9.25, -0.01, 0.0, 0.0]
1728853062.32:[1.54, 0.48, 9.8, -0.01, 0.0, 0.0]
1728853062.33:[1.55, 0.7, 9.14, -0.01, 0.0, 0.0]
1728853062.34:[1.68, 0.47, 8.98, -0.01, 0.0, 0.0]
1728853062.36:[1.75, 0.1, 8.53, -0.01, 0.0, 0.0]
1728853062.37:[1.66, 0.08, 9.32, -0.0, 0.0, 0.0]
1728853062.38:[1.54, 0.48, 9.84, -0.0, 0.0, 0.0]
1728853062.39:[1.71, 0.68, 9.2, -0.0, 0.0, 0.0]
1728853062.41:[1.76, 0.23, 8.31, -0.0, 0.0, 0.0]
1728853062.42:[1.88, -0.01, 8.67, -0.0, 0.0, 0.0]
1728853062.43:[1.82, 0.29, 9.86, -0.0, 0.0, 0.0]
1728853062.45:[1.84, 0.6, 10.32, -0.0, 0.0, 0.0]
1728853062.46:[1.91, 0.5, 9.12, -0.0, 0.0, 0.0]
1728853062.47:[2.02, 0.13, 8.69, -0.0, 0.0, 0.0]
1728853062.48:[2.02, -0.06, 9.47, -0.0, 0.0, 0.0]
1728853062.50:[1.96, 0.48, 10.01, -0.0, 0.0, -0.0]
1728853062.51:[1.94, 0.61, 9.41, -0.0, 0.0, 0.0]
1728853062.52:[1.97, 0.52, 9.11, -0.0, 0.0, 0.0]
1728853062.53:[1.98, 0.13, 8.3, -0.0, 0.0, 0.0]
1728853062.55:[1.79, 0.07, 9.35, -0.0, -0.0, -0.0]
1728853062.56:[1.61, 0.47, 10.06, -0.0, -0.0, -0.0]
1728853062.57:[1.77, 0.69, 9.46, -0.0, -0.0, -0.0]
1728853062.58:[1.84, 0.35, 8.41, -0.0, -0.0, 0.0]
1728853062.60:[1.94, -0.01, 8.38, -0.0, -0.0, -0.0]
1728853062.61:[1.69, 0.21, 9.35, -0.0, -0.0, -0.0]
1728853062.62:[1.49, 0.47, 10.21, -0.0, -0.0, -0.0]
1728853062.63:[1.62, 0.71, 9.57, -0.0, -0.0, 0.0]
1728853062.65:[1.81, 0.35, 8.37, -0.0, 0.0, 0.0]
1728853062.66:[1.83, -0.02, 8.28, -0.0, 0.0, 0.0]
1728853062.67:[1.7, 0.18, 9.28, -0.0, 0.0, -0.0]
1728853062.68:[1.5, 0.46, 10.06, -0.0, 0.0, -0.0]
1728853062.70:[1.63, 0.72, 9.68, -0.0, 0.0, 0.0]
1728853062.71:[1.9, 0.4, 8.43, -0.0, 0.0, 0.0]
1728853062.72:[1.94, -0.02, 8.3, -0.0, 0.0, 0.0]
1728853062.73:[1.8, 0.15, 9.34, -0.0, 0.0, 0.0]
1728853062.75:[1.59, 0.44, 10.31, -0.0, 0.0, -0.0]
1728853062.76:[1.75, 0.67, 9.63, -0.0, 0.0, 0.0]
1728853062.77:[1.99, 0.39, 8.48, -0.0, 0.0, 0.0]
1728853062.79:[1.99, -0.01, 8.29, -0.0, 0.0, -0.0]
1728853062.80:[2.0, 0.14, 9.17, 0.0, 0.0, -0.0]
1728853062.81:[1.92, 0.53, 9.86, -0.0, -0.0, -0.0]
1728853062.82:[1.97, 0.57, 9.12, -0.0, -0.0, 0.0]
1728853062.84:[1.88, 0.18, 8.53, -0.0, -0.0, 0.0]
1728853062.85:[1.88, 0.0, 8.31, -0.0, -0.0, -0.0]
1728853062.86:[1.87, 0.15, 9.22, 0.0, -0.0, -0.0]
1728853062.87:[1.53, 0.56, 9.85, -0.0, -0.0, -0.0]
1728853062.88:[1.57, 0.73, 9.15, -0.0, -0.0, 0.0]
1728853062.90:[1.84, 0.45, 8.63, -0.0, -0.0, 0.0]
1728853062.91:[1.87, 0.07, 8.38, 0.0, 0.0, 0.0]
1728853062.92:[1.79, 0.15, 9.24, 0.0, 0.0, -0.0]
1728853062.94:[1.51, 0.55, 9.89, -0.0, 0.0, 0.0]
1728853062.95:[1.88, -0.04, 8.59, 0.0, 0.0, -0.0]
1728853062.96:[1.7, 0.26, 9.93, 0.0, 0.0, -0.0]
1728853062.98:[1.66, 0.52, 9.85, -0.0, 0.0, -0.0]
1728853062.99:[1.87, 0.64, 9.23, -0.0, 0.0, 0.0]
1728853063.00:[2.02, 0.27, 8.21, -0.0, 0.0, 0.0]
1728853063.01:[1.94, -0.05, 8.56, -0.0, 0.0, 0.0]
1728853063.03:[1.95, 0.23, 9.72, -0.0, 0.0, -0.0]
1728853063.04:[1.96, 0.57, 10.25, -0.0, 0.0, -0.0]
1728853063.05:[1.87, 0.65, 9.16, -0.0, 0.0, 0.0]
1728853063.07:[1.86, 0.11, 8.68, -0.0, 0.0, 0.0]
1728853063.08:[1.96, -0.07, 9.59, -0.0, 0.0, -0.0]
1728853063.09:[1.97, 0.19, 9.5, -0.0, 0.0, -0.0]
1728853063.10:[1.88, 0.56, 10.18, -0.0, -0.0, -0.0]
1728853063.12:[1.93, 0.54, 9.18, -0.0, -0.0, 0.0]
1728853063.13:[1.83, 0.15, 8.74, -0.0, 0.0, 0.0]
1728853063.14:[1.9, 0.03, 9.48, -0.0, 0.0, -0.0]
1728853063.15:[1.84, 0.2, 9.4, -0.0, 0.0, -0.0]
1728853063.17:[1.84, 0.58, 9.77, -0.0, -0.0, -0.0]
1728853063.18:[1.85, 0.42, 8.55, -0.0, 0.0, 0.0]
1728853063.19:[1.87, 0.04, 8.3, -0.0, 0.0, 0.0]
1728853063.20:[1.75, 0.17, 9.1, -0.0, 0.0, -0.0]
1728853063.22:[1.69, 0.55, 9.88, -0.0, 0.0, -0.0]
1728853063.23:[1.59, 0.74, 9.19, -0.0, 0.0, 0.0]
1728853063.24:[1.78, 0.44, 8.4, -0.0, 0.0, 0.0]
1728853063.25:[1.86, 0.03, 8.41, -0.0, 0.0, 0.0]
1728853063.27:[1.83, 0.11, 9.12, -0.0, 0.0, -0.0]
1728853063.28:[1.73, 0.52, 9.79, -0.0, 0.0, -0.0]
1728853063.29:[1.69, 0.54, 9.13, -0.0, 0.0, 0.0]
1728853063.30:[1.92, 0.43, 8.8, -0.0, 0.0, 0.0]
1728853063.32:[1.93, 0.02, 8.39, -0.0, 0.0, 0.0]
1728853063.33:[1.9, 0.11, 9.24, -0.0, 0.0, -0.0]
1728853063.34:[1.76, 0.51, 9.88, -0.0, 0.0, -0.0]
1728853063.35:[1.7, 0.69, 9.15, -0.0, -0.0, 0.0]
1728853063.37:[1.95, 0.44, 8.85, -0.0, 0.0, 0.0]
1728853063.38:[1.98, 0.02, 8.45, -0.0, 0.0, -0.0]
1728853063.39:[1.88, -0.02, 9.34, -0.0, 0.0, -0.0]
1728853063.40:[1.61, 0.34, 10.23, -0.0, -0.0, -0.0]
1728853063.42:[1.67, 0.67, 10.11, -0.0, -0.0, -0.0]
1728853063.43:[1.84, 0.49, 9.03, -0.0, 0.0, 0.0]
1728853063.44:[1.88, 0.21, 8.55, -0.0, 0.0, 0.0]
1728853063.45:[1.81, -0.02, 8.91, -0.0, 0.0, -0.0]
1728853063.47:[1.68, 0.32, 10.1, -0.0, 0.0, -0.0]
1728853063.48:[1.66, 0.68, 10.28, -0.0, 0.0, -0.0]
1728853063.49:[1.86, 0.52, 9.05, -0.0, 0.0, 0.0]
1728853063.50:[1.87, 0.1, 8.61, -0.0, 0.0, 0.0]
1728853063.52:[1.69, 0.12, 9.44, -0.0, 0.0, -0.0]
1728853063.53:[1.65, 0.51, 9.95, -0.0, 0.0, -0.0]
1728853063.54:[1.82, 0.65, 9.33, -0.0, 0.0, 0.0]
1728853063.55:[1.97, 0.3, 8.24, -0.0, 0.0, 0.0]
1728853063.57:[1.93, -0.03, 8.43, -0.0, 0.0, 0.0]
1728853063.58:[1.76, 0.18, 9.49, 0.0, 0.0, -0.0]
1728853063.59:[1.84, 0.57, 10.21, -0.0, 0.0, -0.0]
1728853063.60:[1.8, 0.52, 9.19, -0.0, -0.0, 0.0]
1728853063.62:[1.96, 0.3, 8.7, -0.0, -0.0, 0.0]
1728853063.63:[1.92, -0.04, 8.34, -0.0, 0.0, -0.0]
1728853063.64:[1.88, 0.16, 9.29, -0.0, 0.0, -0.0]
1728853063.66:[1.82, 0.53, 10.05, -0.0, -0.0, -0.0]
1728853063.67:[1.87, 0.51, 9.19, -0.0, -0.0, 0.0]
1728853063.68:[1.79, 0.33, 8.77, -0.0, 0.0, 0.0]
1728853063.69:[1.94, 0.05, 8.23, -0.0, 0.0, 0.0]
1728853063.71:[1.94, 0.12, 8.99, 0.0, 0.0, 0.0]
1728853063.72:[1.78, 0.33, 10.1, -0.0, 0.0, 0.0]
1728853063.73:[1.92, 0.26, 9.35, -0.0, 0.0, 0.0]
1728853063.74:[1.91, 0.1, 8.5, -0.0, 0.0, 0.0]
1728853063.76:[1.97, -0.3, 8.1, -0.0, 0.0, -0.0]
1728853063.77:[1.91, -0.11, 10.39, -0.0, 0.0, -0.0]
1728853063.78:[1.8, 0.35, 9.98, -0.0, 0.0, 0.0]
1728853063.79:[1.97, 0.62, 9.01, -0.0, 0.0, 0.0]
1728853063.81:[1.97, 0.26, 8.48, -0.0, 0.0, 0.0]
1728853063.82:[1.8, 0.74, 9.45, -0.0, 0.0, -0.0]
1728853063.84:[1.88, 0.54, 8.35, -0.0, 0.0, -0.0]
1728853063.85:[2.23, 0.22, 8.21, 0.0, 0.0, 0.0]
1728853063.86:[2.4, 1.86, 9.72, 0.0, -0.0, 0.01]
1728853063.88:[2.32, 2.05, 9.41, 0.0, -0.01, 0.03]
1728853063.89:[2.49, 0.27, 8.56, 0.01, -0.0, 0.04]
1728853063.90:[2.42, -1.59, 9.38, 0.0, -0.0, 0.03]
1728853063.91:[1.58, -0.91, 8.32, 0.0, -0.01, 0.02]
1728853063.93:[2.13, -0.53, 9.46, 0.0, -0.01, 0.02]
1728853063.94:[1.91, 0.29, 9.44, 0.0, -0.0, 0.02]
1728853063.95:[2.05, 0.99, 9.24, 0.01, -0.01, 0.02]
1728853063.96:[1.3, 1.33, 10.67, 0.0, -0.01, 0.02]
1728853063.98:[1.55, -0.2, 8.64, 0.0, -0.01, 0.01]
1728853063.99:[1.8, 0.54, 9.23, 0.0, -0.01, 0.01]
1728853064.00:[1.51, 0.83, 10.07, 0.0, -0.01, 0.01]
1728853064.01:[1.61, 1.02, 9.49, 0.0, -0.01, 0.01]
1728853064.03:[2.02, 0.2, 8.6, 0.0, -0.01, 0.01]
1728853064.04:[1.69, 0.41, 9.07, 0.0, -0.01, 0.01]
1728853064.05:[1.5, 0.16, 10.22, 0.0, -0.01, 0.01]
1728853064.06:[1.53, 0.09, 10.1, 0.0, -0.01, 0.01]
1728853064.08:[1.65, 0.05, 8.87, -0.0, -0.01, 0.01]
1728853064.09:[1.56, 0.13, 9.09, 0.0, -0.01, 0.01]
1728853064.10:[1.26, -0.07, 9.72, -0.0, -0.01, 0.01]
1728853064.11:[0.99, 0.43, 10.23, -0.0, -0.01, 0.01]
1728853064.13:[1.17, 0.15, 9.3, -0.0, -0.01, 0.01]
1728853064.14:[1.43, 0.11, 8.83, -0.0, -0.01, 0.01]
1728853064.15:[1.2, 0.03, 8.87, -0.0, -0.01, 0.01]
1728853064.16:[0.73, 0.03, 9.77, -0.0, -0.01, 0.0]
1728853064.18:[0.55, 0.29, 10.02, -0.0, -0.01, 0.0]
1728853064.19:[0.94, 0.59, 9.92, -0.0, -0.01, 0.0]
1728853064.20:[0.98, 0.54, 8.92, -0.0, -0.01, 0.0]
1728853064.21:[0.76, 0.1, 8.92, -0.0, -0.01, 0.0]
1728853064.23:[0.31, 0.03, 9.7, -0.0, -0.0, -0.0]
1728853064.24:[0.24, 0.19, 9.92, -0.0, -0.0, 0.0]
1728853064.25:[0.28, 0.46, 9.95, -0.0, -0.0, 0.0]
1728853064.26:[0.46, 0.71, 9.12, -0.0, 0.0, 0.0]
1728853064.28:[0.22, 0.2, 8.97, -0.0, 0.01, -0.0]
1728853064.29:[0.02, 0.24, 9.82, -0.0, 0.01, -0.0]
1728853064.30:[0.28, 0.35, 10.06, -0.0, 0.01, -0.01]
1728853064.31:[0.83, 0.45, 9.16, -0.0, 0.01, -0.01]
1728853064.33:[0.71, 0.8, 8.48, 0.0, 0.02, -0.01]
1728853064.34:[0.93, 0.6, 8.54, -0.0, 0.02, -0.01]
1728853064.35:[0.98, 0.44, 9.76, 0.0, 0.02, -0.01]
1728853064.36:[0.95, 0.48, 10.31, 0.0, 0.02, -0.01]
1728853064.38:[1.1, 0.95, 9.75, 0.0, 0.02, -0.01]
1728853064.39:[1.57, 1.26, 8.89, 0.0, 0.02, -0.01]
1728853064.40:[1.6, 0.86, 9.02, -0.0, 0.02, -0.01]
1728853064.41:[1.62, 0.26, 9.11, -0.0, 0.02, -0.01]
1728853064.43:[2.09, 0.72, 9.62, -0.0, 0.02, -0.01]
1728853064.44:[2.28, 0.98, 8.86, -0.0, 0.02, -0.0]
1728853064.45:[2.36, 0.44, 8.35, -0.0, 0.02, 0.0]
1728853064.47:[2.15, -0.11, 9.01, -0.0, 0.02, 0.0]
1728853064.48:[1.96, 0.22, 10.08, -0.0, 0.02, 0.0]
1728853064.49:[2.21, 0.2, 9.8, -0.0, 0.01, 0.01]
1728853064.50:[2.43, 0.14, 8.87, -0.0, 0.01, 0.01]
1728853064.52:[2.47, -0.36, 8.28, -0.0, 0.01, 0.0]
1728853064.53:[2.47, -0.68, 8.88, -0.0, 0.01, 0.0]
1728853064.54:[2.26, -0.28, 10.07, -0.0, 0.01, -0.0]
1728853064.55:[2.38, -0.06, 10.06, -0.0, 0.01, -0.0]
1728853064.56:[2.6, 0.06, 8.92, -0.0, 0.01, -0.0]
1728853064.58:[2.63, -0.12, 8.27, -0.0, 0.01, -0.0]
1728853064.59:[2.56, -0.28, 8.83, -0.0, 0.01, -0.0]
1728853064.60:[2.35, 0.02, 9.22, -0.0, 0.01, -0.0]
1728853064.61:[2.39, 0.54, 9.64, -0.0, 0.0, 0.0]
1728853064.63:[2.61, 0.74, 9.01, -0.0, 0.0, 0.0]
1728853064.64:[2.44, 0.39, 8.08, -0.0, 0.0, 0.01]
1728853064.65:[2.53, 0.2, 8.54, 0.0, 0.0, 0.01]
1728853064.66:[2.36, 0.19, 9.17, 0.0, 0.0, 0.0]
1728853064.68:[2.01, 0.66, 9.64, 0.0, 0.0, 0.0]
1728853064.69:[2.64, 0.86, 8.95, 0.0, 0.0, 0.0]
1728853064.70:[2.18, 0.97, 8.57, -0.0, -0.0, 0.0]
1728853064.71:[2.32, 0.54, 8.57, 0.0, -0.0, 0.0]
1728853064.73:[1.87, 0.54, 9.41, 0.0, -0.0, 0.0]
1728853064.74:[1.92, 0.93, 9.99, 0.0, -0.01, 0.0]
1728853064.75:[2.18, 1.02, 9.25, 0.0, -0.01, 0.01]
1728853064.77:[2.2, 0.52, 8.39, 0.0, -0.0, 0.01]
1728853064.78:[2.12, 0.15, 8.55, 0.0, -0.0, 0.0]
1728853064.79:[1.86, 0.21, 9.43, 0.0, -0.0, 0.0]
1728853064.80:[1.73, 0.4, 10.01, 0.0, -0.0, 0.0]
1728853064.82:[2.03, 0.75, 9.26, -0.0, -0.01, -0.0]
1728853064.83:[2.01, 0.4, 8.65, 0.0, -0.01, -0.0]
1728853064.84:[1.98, 0.08, 8.53, 0.0, -0.0, -0.0]
1728853064.85:[2.06, 0.3, 9.4, 0.0, -0.0, 0.0]
1728853064.87:[2.05, 0.64, 10.01, 0.0, -0.0, 0.0]
1728853064.88:[2.03, 0.61, 9.07, 0.0, -0.0, 0.01]
1728853064.89:[2.0, 0.49, 8.79, 0.0, -0.0, 0.01]
1728853064.90:[2.07, 0.16, 9.57, 0.0, -0.0, 0.01]
1728853064.92:[2.08, 0.59, 9.49, 0.0, -0.0, 0.01]
1728853064.93:[1.94, 0.77, 9.88, 0.0, -0.01, 0.01]
1728853064.94:[1.94, 1.0, 9.05, 0.0, -0.01, 0.01]
1728853064.95:[1.86, 1.02, 8.95, 0.0, -0.02, 0.01]
1728853064.97:[1.18, 1.38, 9.88, 0.0, -0.02, 0.0]
1728853064.98:[1.71, 0.79, 10.64, 0.0, -0.03, 0.0]
1728853064.99:[1.67, 1.07, 10.49, 0.01, -0.04, 0.0]
1728853065.00:[2.06, 0.54, 9.31, 0.01, -0.05, 0.0]
1728853065.02:[2.24, 0.79, 8.63, 0.01, -0.05, -0.0]
1728853065.03:[1.9, 0.84, 9.39, 0.0, -0.05, -0.0]
1728853065.04:[1.94, 0.85, 10.2, 0.0, -0.05, 0.0]
1728853065.05:[1.74, 0.76, 9.62, -0.0, -0.04, -0.0]
1728853065.07:[2.36, 0.37, 8.38, 0.0, -0.03, -0.0]
1728853065.08:[2.06, -0.48, 9.18, 0.01, -0.02, -0.01]
1728853065.09:[1.92, -0.23, 10.26, 0.02, -0.01, -0.02]
1728853065.10:[1.55, 0.16, 10.44, 0.02, -0.01, -0.02]
1728853065.12:[1.15, 0.91, 9.89, 0.02, -0.01, -0.02]
1728853065.13:[1.13, 0.4, 9.19, 0.02, -0.02, -0.03]
1728853065.14:[0.81, -0.22, 9.37, 0.02, -0.02, -0.03]
1728853065.15:[0.2, -0.77, 10.19, 0.02, -0.03, -0.03]
1728853065.17:[0.28, -0.47, 10.41, 0.03, -0.03, -0.03]
1728853065.18:[0.37, 0.27, 10.0, 0.03, -0.03, -0.03]
1728853065.19:[0.32, 0.15, 9.18, 0.03, -0.02, -0.02]
1728853065.20:[0.15, 0.01, 8.99, 0.03, -0.01, -0.02]
1728853065.22:[0.16, -0.52, 10.06, 0.04, -0.01, -0.01]
1728853065.23:[-0.31, -0.33, 10.35, 0.04, -0.01, -0.01]
1728853065.24:[-0.23, -0.26, 9.93, 0.05, -0.01, -0.01]
1728853065.25:[-0.11, -0.28, 8.86, 0.05, -0.01, -0.01]
1728853065.27:[-0.06, -0.67, 9.06, 0.06, -0.0, -0.01]
1728853065.28:[-0.16, -1.19, 9.88, 0.06, 0.0, -0.01]
1728853065.29:[-0.4, -0.71, 10.15, 0.06, 0.0, -0.01]
1728853065.30:[-0.04, -0.73, 9.41, 0.06, 0.01, -0.01]
1728853065.32:[0.04, -1.06, 8.49, 0.06, 0.01, -0.01]
1728853065.33:[0.18, -1.65, 8.88, 0.06, 0.01, -0.01]
1728853065.34:[-0.23, -1.65, 9.6, 0.06, 0.02, -0.01]
1728853065.36:[0.13, -1.43, 9.4, 0.06, 0.02, -0.01]
1728853065.37:[0.47, -1.63, 9.0, 0.06, 0.02, -0.01]
1728853065.38:[0.44, -1.98, 8.57, 0.06, 0.02, -0.0]
1728853065.39:[0.35, -2.3, 8.68, 0.05, 0.02, -0.0]
1728853065.41:[0.71, -2.46, 9.27, 0.05, 0.01, 0.0]
1728853065.42:[0.7, -2.45, 9.14, 0.05, 0.01, 0.0]
1728853065.43:[1.14, -2.57, 8.56, 0.04, 0.01, 0.0]
1728853065.44:[1.05, -2.89, 8.36, 0.04, 0.01, 0.0]
1728853065.46:[0.81, -3.29, 8.91, 0.03, 0.01, 0.0]
1728853065.47:[0.96, -3.28, 9.33, 0.03, 0.01, 0.0]
1728853065.48:[1.06, -2.96, 9.24, 0.02, 0.01, 0.01]
1728853065.49:[1.22, -3.03, 8.22, 0.02, 0.01, 0.01]
1728853065.51:[1.14, -3.41, 8.39, 0.01, 0.01, 0.01]
1728853065.52:[0.88, -3.64, 9.29, 0.01, 0.01, 0.01]
1728853065.53:[0.99, -3.19, 8.77, 0.0, 0.0, 0.01]
1728853065.55:[1.12, -3.25, 8.39, -0.0, 0.0, 0.01]
1728853065.56:[1.05, -3.53, 8.59, -0.01, 0.0, 0.01]
1728853065.57:[0.92, -3.72, 9.12, -0.02, 0.0, 0.01]
1728853065.58:[0.9, -3.17, 9.71, -0.03, 0.0, 0.01]
1728853065.60:[1.36, -3.23, 8.43, -0.04, 0.0, 0.0]
1728853065.61:[1.27, -3.46, 8.44, -0.04, 0.0, 0.0]
1728853065.62:[1.06, -3.53, 9.0, -0.05, 0.0, -0.0]
1728853065.63:[0.85, -3.12, 9.52, -0.06, 0.0, -0.0]
1728853065.65:[0.89, -2.7, 9.45, -0.06, 0.0, -0.01]
1728853065.66:[1.16, -2.81, 8.58, -0.07, 0.01, -0.01]
1728853065.67:[1.12, -3.07, 8.54, -0.07, 0.01, -0.01]
1728853065.68:[0.99, -2.62, 9.5, -0.08, 0.01, -0.01]
1728853065.70:[0.79, -2.16, 9.61, -0.08, 0.01, -0.01]
1728853065.71:[1.0, -1.64, 9.58, -0.08, 0.01, -0.01]
1728853065.72:[1.07, -1.47, 8.52, -0.08, 0.01, -0.01]
1728853065.73:[1.15, -1.47, 8.97, -0.09, 0.01, -0.01]
1728853065.75:[0.96, -1.21, 9.85, -0.08, 0.01, -0.01]
1728853065.76:[1.11, -0.67, 9.62, -0.08, 0.01, -0.01]
1728853065.77:[1.22, -0.46, 8.8, -0.08, 0.01, -0.01]
1728853065.78:[1.25, -0.35, 8.46, -0.08, 0.01, -0.01]
1728853065.80:[1.19, -0.4, 9.6, -0.08, 0.01, -0.01]
1728853065.81:[1.28, 0.13, 9.93, -0.08, 0.01, -0.01]
1728853065.82:[1.36, 0.6, 9.28, -0.08, 0.01, -0.0]
1728853065.84:[1.55, 0.47, 8.42, -0.07, 0.01, -0.0]
1728853065.85:[1.54, 0.39, 9.19, -0.07, 0.01, -0.0]
1728853065.86:[1.24, 1.08, 9.84, -0.07, 0.0, -0.0]
1728853065.88:[1.62, 1.23, 8.99, -0.06, -0.0, 0.0]
1728853065.89:[1.59, 1.12, 8.79, -0.06, -0.0, 0.0]
1728853065.90:[1.46, 1.07, 9.13, -0.05, -0.0, 0.0]
1728853065.92:[1.36, 1.58, 9.58, -0.05, -0.01, 0.01]
1728853065.93:[1.59, 1.66, 8.6, -0.04, -0.01, 0.01]
1728853065.94:[1.59, 1.29, 8.46, -0.04, -0.01, 0.01]
1728853065.96:[1.23, 1.77, 9.61, -0.03, -0.01, 0.0]
1728853065.97:[1.39, 1.92, 8.4, -0.03, -0.01, 0.01]
1728853065.98:[1.18, 1.69, 8.83, -0.02, -0.01, 0.01]
1728853066.00:[1.13, 1.96, 9.59, -0.01, -0.01, 0.01]
1728853066.01:[1.23, 2.21, 9.37, -0.01, -0.01, 0.01]
1728853066.02:[1.38, 2.31, 8.42, 0.0, -0.01, 0.01]
1728853066.03:[1.27, 1.94, 8.58, 0.01, -0.01, 0.01]
1728853066.05:[1.02, 1.9, 9.71, 0.01, -0.01, 0.01]
1728853066.06:[1.08, 2.18, 9.84, 0.02, -0.01, 0.01]
1728853066.07:[1.26, 2.39, 9.28, 0.03, -0.01, 0.01]
1728853066.08:[1.07, 2.25, 8.59, 0.03, -0.0, 0.01]
1728853066.10:[0.9, 1.8, 8.95, 0.04, -0.0, 0.01]
1728853066.11:[0.61, 1.74, 9.63, 0.04, -0.0, 0.01]
1728853066.12:[0.44, 1.8, 9.8, 0.04, 0.0, 0.02]
1728853066.13:[0.7, 1.8, 9.28, 0.04, 0.0, 0.02]
1728853066.15:[0.76, 1.22, 8.67, 0.04, 0.0, 0.02]
1728853066.16:[0.85, 0.89, 9.0, 0.04, 0.0, 0.02]
1728853066.17:[0.75, 0.81, 10.0, 0.04, 0.0, 0.02]
1728853066.18:[0.65, 1.02, 9.97, 0.04, 0.0, 0.02]
1728853066.20:[1.19, 0.9, 9.21, 0.03, 0.0, 0.02]
1728853066.21:[1.24, 0.62, 8.92, 0.03, 0.0, 0.01]
1728853066.22:[1.26, 0.34, 9.68, 0.03, -0.0, 0.01]
1728853066.23:[1.05, 0.35, 10.47, 0.02, -0.0, 0.01]
1728853066.25:[1.22, 0.5, 10.13, 0.02, -0.01, 0.01]
1728853066.26:[1.29, 0.21, 8.9, 0.02, -0.01, 0.01]
1728853066.27:[1.38, 0.14, 8.87, 0.01, -0.01, 0.01]
1728853066.28:[0.87, -0.15, 9.84, 0.01, -0.01, 0.01]
1728853066.30:[0.76, 0.26, 9.56, 0.01, -0.01, 0.01]
1728853066.31:[1.22, 0.1, 9.02, 0.01, -0.01, 0.01]
1728853066.32:[1.24, -0.03, 8.66, 0.01, -0.01, 0.01]
1728853066.33:[0.88, -0.23, 9.47, 0.01, -0.01, 0.01]
1728853066.35:[0.79, 0.47, 9.14, 0.0, -0.01, 0.01]
1728853066.36:[0.37, 0.05, 10.48, 0.01, -0.0, 0.0]
1728853066.38:[0.38, 0.07, 10.06, 0.02, -0.01, 0.01]
1728853066.39:[-0.34, 0.33, 11.81, 0.0, 0.0, 0.01]
1728853066.40:[0.37, 0.33, 10.42, -0.01, -0.01, 0.0]
1728853066.41:[0.5, 0.59, 8.39, -0.0, -0.0, 0.0]
1728853066.43:[-0.21, 0.26, 8.98, 0.0, 0.01, 0.01]
1728853066.44:[-0.04, -0.15, 9.59, -0.0, 0.0, 0.01]
1728853066.45:[0.26, -0.01, 9.39, 0.0, 0.01, 0.01]
1728853066.46:[0.91, 0.92, 9.19, 0.01, 0.01, 0.0]
1728853066.48:[0.5, 0.17, 9.56, 0.0, 0.01, 0.0]
1728853066.49:[0.7, -0.2, 9.31, -0.0, 0.01, -0.0]
1728853066.50:[0.49, 0.37, 9.83, -0.0, 0.01, -0.0]
1728853066.51:[0.23, 0.77, 9.92, -0.0, 0.01, -0.0]
1728853066.53:[0.75, 0.43, 8.94, -0.0, 0.01, -0.0]
1728853066.54:[0.83, -0.13, 8.62, -0.0, 0.01, -0.0]
1728853066.55:[0.64, -0.2, 9.83, 0.0, 0.01, -0.0]
1728853066.56:[0.86, 0.16, 9.88, -0.0, 0.01, -0.0]
1728853066.58:[1.02, 0.28, 9.34, -0.0, 0.02, -0.0]
1728853066.59:[1.19, -0.22, 8.82, -0.0, 0.02, -0.0]
1728853066.60:[1.12, -0.6, 9.25, -0.0, 0.02, -0.0]
1728853066.61:[1.02, -0.34, 10.11, -0.0, 0.02, -0.01]
1728853066.63:[1.14, 0.09, 9.73, -0.0, 0.01, -0.01]
1728853066.64:[1.16, -0.01, 8.93, -0.0, 0.01, -0.01]
1728853066.65:[1.09, -0.36, 9.11, -0.0, 0.01, -0.01]
1728853066.66:[0.88, -0.6, 9.7, -0.0, 0.01, -0.01]
1728853066.68:[0.97, 0.16, 10.2, -0.0, 0.01, -0.01]
1728853066.69:[1.07, 0.29, 8.94, -0.0, 0.01, -0.01]
1728853066.70:[0.99, -0.4, 8.72, -0.0, 0.01, -0.01]
1728853066.72:[1.08, -0.28, 9.6, -0.01, 0.01, -0.01]
1728853066.73:[0.99, 0.46, 10.01, -0.0, 0.01, -0.01]
1728853066.74:[0.98, 0.51, 9.44, -0.01, 0.01, -0.0]
1728853066.75:[1.01, 0.23, 8.97, -0.0, 0.01, -0.0]
1728853066.77:[0.87, 0.45, 10.25, -0.0, 0.01, 0.0]
1728853066.78:[1.03, 0.68, 9.41, -0.0, 0.01, 0.0]
1728853066.79:[1.15, 0.7, 8.8, -0.0, 0.01, 0.0]
1728853066.81:[1.23, 0.29, 8.66, -0.0, 0.01, 0.0]
1728853066.82:[1.34, 0.57, 9.75, -0.0, 0.01, -0.0]
1728853066.83:[1.25, 0.83, 9.86, -0.0, 0.01, -0.0]
1728853066.84:[1.44, 0.8, 9.27, -0.0, 0.02, -0.0]
1728853066.86:[1.7, 0.18, 9.55, -0.0, 0.02, -0.01]
1728853066.87:[1.8, 0.78, 9.91, -0.0, 0.02, -0.01]
1728853066.88:[2.03, 1.22, 9.86, -0.0, 0.02, -0.0]
1728853066.90:[2.09, 0.8, 8.69, -0.0, 0.02, -0.0]
1728853066.91:[2.11, 0.27, 8.81, -0.0, 0.01, 0.0]
1728853066.92:[2.14, 0.37, 9.55, -0.0, 0.01, -0.0]
1728853066.93:[2.09, 0.81, 10.03, -0.0, 0.01, 0.0]
1728853066.95:[2.22, 0.64, 8.86, -0.0, 0.0, 0.0]
1728853066.96:[2.19, 0.29, 8.59, -0.0, 0.0, 0.0]
1728853066.97:[2.01, 0.18, 9.68, 0.0, 0.0, 0.0]
1728853066.98:[1.84, 0.54, 9.9, 0.0, 0.0, 0.0]
1728853067.00:[1.87, 0.57, 9.32, 0.0, -0.0, 0.01]
1728853067.01:[1.99, 0.03, 8.72, 0.0, -0.0, 0.0]
1728853067.02:[1.97, -0.04, 9.55, 0.0, -0.0, 0.01]
1728853067.04:[1.74, 0.32, 9.89, 0.0, -0.0, 0.0]
1728853067.05:[1.66, 0.47, 9.16, 0.0, -0.0, 0.01]
1728853067.06:[1.54, -0.05, 8.84, 0.0, -0.0, 0.01]
1728853067.07:[1.46, -0.17, 9.38, 0.0, -0.0, 0.0]
1728853067.09:[1.51, 0.11, 9.98, 0.0, -0.0, 0.0]
1728853067.10:[1.53, 0.38, 9.34, -0.0, -0.0, 0.0]
1728853067.11:[1.36, 0.27, 8.64, -0.0, -0.0, 0.0]
1728853067.12:[1.29, -0.03, 9.08, -0.0, -0.0, -0.0]
1728853067.14:[1.35, 0.2, 9.53, -0.0, -0.0, -0.0]
1728853067.15:[1.27, 0.74, 9.46, -0.0, -0.0, 0.0]
1728853067.16:[1.3, 0.42, 8.78, -0.0, 0.0, 0.0]
1728853067.18:[1.45, 0.1, 9.01, -0.0, 0.0, 0.0]
1728853067.19:[1.25, 0.34, 9.72, -0.0, 0.0, -0.0]
1728853067.20:[1.29, 0.61, 10.02, -0.0, 0.0, 0.0]
1728853067.21:[1.44, 0.74, 8.78, -0.0, 0.0, 0.0]
1728853067.23:[1.5, 0.39, 8.75, -0.0, 0.0, 0.0]
1728853067.24:[1.49, 0.1, 9.12, -0.0, 0.0, -0.0]
1728853067.25:[1.39, 0.61, 10.04, -0.0, 0.0, -0.0]
1728853067.26:[1.61, 0.79, 9.39, -0.0, 0.0, -0.0]
1728853067.27:[1.56, 0.71, 8.81, -0.0, 0.0, -0.0]
1728853067.29:[1.66, 0.19, 8.87, -0.0, 0.0, -0.0]
1728853067.30:[1.67, 0.33, 9.67, -0.0, 0.0, 0.0]
1728853067.31:[1.52, 0.51, 10.16, -0.0, 0.0, 0.0]
1728853067.32:[1.68, 0.78, 9.2, -0.0, 0.0, 0.0]
1728853067.34:[1.89, 0.35, 8.55, -0.0, 0.0, 0.0]
1728853067.35:[1.71, 0.17, 9.31, -0.0, 0.0, 0.0]
1728853067.36:[1.8, 0.33, 9.84, -0.0, 0.0, 0.0]
1728853067.37:[1.78, 0.66, 9.65, -0.0, 0.0, 0.0]
1728853067.39:[1.7, 0.56, 9.1, -0.0, -0.0, 0.0]
1728853067.40:[1.62, 0.09, 8.66, 0.0, -0.0, 0.0]
1728853067.41:[1.58, -0.07, 9.54, 0.0, -0.0, 0.0]
1728853067.42:[1.72, 0.41, 9.83, 0.0, -0.0, 0.0]
1728853067.44:[1.65, 0.68, 9.87, -0.0, -0.0, 0.0]
1728853067.45:[1.71, 0.38, 8.82, 0.0, -0.0, 0.0]
1728853067.46:[1.83, -0.07, 8.59, 0.0, -0.0, 0.0]
1728853067.47:[1.64, 0.02, 9.53, -0.0, -0.0, -0.0]
1728853067.49:[1.41, 0.53, 10.17, -0.0, -0.0, 0.0]
1728853067.50:[1.49, 0.53, 9.1, -0.0, -0.0, 0.0]
1728853067.51:[1.63, 0.23, 8.75, -0.0, -0.0, 0.0]
1728853067.52:[1.59, -0.05, 9.13, -0.0, -0.0, 0.0]
1728853067.54:[1.44, 0.19, 10.25, -0.0, -0.0, 0.0]
1728853067.55:[1.53, 0.47, 10.11, -0.0, -0.0, 0.0]
1728853067.56:[1.5, 0.49, 9.0, -0.0, -0.0, 0.0]
1728853067.57:[1.54, -0.03, 8.6, -0.0, 0.0, -0.0]
1728853067.59:[1.51, 0.07, 9.53, -0.0, 0.0, -0.0]
1728853067.60:[1.41, 0.28, 10.14, -0.0, 0.0, -0.0]
1728853067.61:[1.46, 0.77, 9.41, -0.0, 0.0, -0.0]
1728853067.62:[1.64, 0.42, 8.68, -0.0, 0.0, 0.0]
1728853067.64:[1.74, 0.0, 9.26, -0.0, 0.0, 0.0]
1728853067.65:[1.52, 0.17, 9.81, -0.0, 0.0, 0.0]
1728853067.66:[1.67, 0.69, 9.49, -0.0, 0.0, 0.0]
1728853067.68:[1.94, 0.41, 8.5, -0.0, 0.0, -0.0]
1728853067.69:[1.68, 0.07, 9.33, -0.0, 0.0, -0.0]
1728853067.70:[1.76, 0.26, 9.46, -0.0, 0.0, -0.0]
1728853067.71:[1.64, 0.49, 10.28, -0.0, 0.0, -0.0]
1728853067.73:[1.86, 0.71, 8.92, -0.0, 0.0, 0.0]
1728853067.74:[1.75, 0.24, 8.77, -0.0, 0.0, 0.0]
1728853067.75:[1.78, -0.07, 9.59, -0.0, -0.0, 0.0]
1728853067.76:[1.45, 0.53, 9.93, -0.0, -0.0, 0.0]
1728853067.78:[1.63, 0.75, 9.49, -0.0, -0.0, 0.0]
1728853067.79:[1.65, 0.53, 8.62, -0.0, -0.0, 0.0]
1728853067.80:[1.68, 0.09, 9.17, -0.0, -0.0, -0.0]
1728853067.81:[1.59, 0.23, 9.68, -0.0, 0.0, -0.0]
1728853067.83:[1.58, 0.72, 10.21, -0.0, -0.0, 0.0]
1728853067.84:[1.59, 0.73, 8.87, -0.0, 0.0, 0.0]
1728853067.85:[1.65, 0.38, 8.68, -0.0, 0.0, 0.0]
1728853067.86:[1.59, 0.05, 9.01, -0.0, 0.0, 0.0]
1728853067.88:[1.56, 0.27, 10.0, -0.0, 0.0, -0.0]
1728853067.89:[1.55, 0.72, 9.59, -0.0, -0.0, -0.0]
1728853067.90:[1.59, 0.39, 8.7, -0.0, 0.0, -0.0]
1728853067.91:[1.51, 0.2, 8.66, -0.0, -0.0, -0.0]
1728853067.93:[1.67, -0.06, 9.52, 0.0, -0.0, -0.0]
1728853067.94:[1.38, 0.38, 9.95, -0.0, -0.0, 0.0]
1728853067.95:[1.29, 0.53, 9.24, -0.0, -0.0, 0.0]
1728853067.96:[1.42, -0.06, 9.0, -0.0, 0.0, -0.0]
1728853067.98:[1.23, -0.31, 8.99, -0.0, 0.0, -0.0]
1728853067.99:[1.47, 0.14, 9.98, -0.0, 0.0, -0.0]
1728853068.00:[1.49, 0.31, 9.45, -0.0, 0.0, -0.0]
1728853068.01:[1.61, 0.48, 8.92, -0.0, 0.0, 0.0]
1728853068.03:[1.52, 0.01, 8.8, -0.0, 0.0, 0.0]
1728853068.04:[1.6, -0.03, 9.15, -0.0, 0.0, 0.0]
1728853068.05:[1.4, 0.43, 9.98, -0.0, 0.0, 0.0]
1728853068.06:[1.7, 0.62, 9.59, -0.0, 0.0, 0.0]
1728853068.08:[1.77, 0.56, 8.69, -0.0, 0.0, 0.0]
1728853068.09:[1.89, 0.19, 8.52, -0.0, 0.0, -0.0]
1728853068.10:[1.69, 0.26, 9.67, -0.0, 0.0, -0.0]
1728853068.11:[1.6, 0.81, 10.04, -0.0, 0.0, 0.0]
1728853068.13:[1.68, 0.98, 9.06, -0.0, 0.0, 0.0]
1728853068.14:[1.8, 0.62, 8.61, -0.0, 0.0, 0.0]
1728853068.15:[1.8, 0.11, 9.01, -0.0, 0.0, 0.0]
1728853068.16:[1.64, 0.33, 9.97, -0.0, -0.0, -0.0]
1728853068.18:[1.51, 0.58, 9.87, -0.0, -0.0, -0.0]
1728853068.19:[1.57, 0.75, 9.3, -0.0, -0.0, -0.0]
1728853068.20:[1.58, 0.34, 8.79, -0.0, -0.0, -0.0]
1728853068.21:[1.33, 0.01, 9.32, 0.0, -0.0, -0.0]
1728853068.23:[1.44, 0.39, 10.22, 0.0, -0.0, -0.0]
1728853068.24:[1.45, 0.78, 9.6, 0.0, -0.0, -0.0]
1728853068.25:[1.61, 0.35, 8.91, -0.0, -0.0, -0.0]
1728853068.26:[1.7, 0.01, 8.78, 0.0, -0.0, -0.0]
1728853068.28:[1.43, -0.25, 9.59, -0.0, 0.0, -0.0]
1728853068.29:[1.34, 0.25, 9.83, -0.0, 0.0, -0.0]
1728853068.30:[1.52, 0.6, 9.36, -0.0, 0.0, 0.0]
1728853068.31:[1.7, 0.37, 8.72, -0.0, 0.0, 0.0]
1728853068.33:[1.72, -0.27, 9.18, -0.0, 0.0, 0.0]
1728853068.34:[1.61, -0.01, 9.81, -0.0, 0.0, 0.0]
1728853068.35:[1.72, 0.4, 10.29, -0.0, 0.0, 0.0]
1728853068.36:[1.66, 0.59, 8.82, -0.0, 0.0, 0.0]
1728853068.38:[1.69, 0.09, 8.48, -0.0, 0.0, -0.0]
1728853068.39:[1.75, 0.25, 9.61, -0.0, 0.0, 0.0]
1728853068.40:[1.64, 0.68, 9.7, -0.0, 0.0, 0.0]
1728853068.41:[1.73, 0.66, 9.21, -0.0, 0.0, 0.0]
1728853068.43:[1.76, 0.58, 8.8, -0.0, 0.0, 0.0]
1728853068.44:[2.01, 0.13, 8.83, -0.0, 0.0, 0.0]
1728853068.45:[1.63, 0.23, 9.71, -0.0, -0.0, -0.0]
1728853068.46:[1.67, 0.3, 9.93, -0.0, -0.0, -0.0]
1728853068.48:[1.73, 0.68, 9.3, -0.0, -0.0, -0.0]
1728853068.49:[1.5, 0.33, 8.61, -0.0, -0.0, 0.0]
1728853068.50:[1.6, 0.1, 8.91, 0.0, -0.0, 0.0]
1728853068.51:[1.5, 0.2, 9.67, 0.0, -0.0, -0.0]
1728853068.53:[1.13, 0.28, 10.13, -0.0, -0.0, -0.0]
1728853068.54:[1.42, 0.5, 9.6, -0.0, -0.0, -0.0]
1728853068.55:[1.47, 0.23, 8.46, -0.0, -0.0, -0.0]
1728853068.56:[1.64, -0.05, 9.44, -0.0, 0.0, -0.0]
1728853068.58:[1.48, 0.05, 9.8, -0.0, 0.0, -0.0]
1728853068.59:[1.48, 0.66, 9.38, -0.0, 0.0, 0.0]
1728853068.60:[1.49, 0.63, 8.55, -0.0, 0.0, 0.0]
1728853068.61:[1.56, 0.1, 8.71, -0.0, 0.0, 0.0]
1728853068.63:[1.63, -0.02, 9.68, -0.0, 0.0, 0.0]
1728853068.64:[1.58, 0.41, 9.91, -0.0, 0.0, 0.0]
1728853068.65:[1.63, 0.72, 8.98, -0.0, 0.0, -0.0]
1728853068.66:[1.77, 0.48, 8.65, -0.0, 0.0, -0.0]
1728853068.68:[1.83, 0.2, 8.62, -0.0, 0.0, -0.0]
1728853068.69:[1.8, 0.44, 9.53, -0.0, 0.0, 0.0]
1728853068.70:[1.73, 0.85, 10.23, -0.0, 0.0, 0.0]
1728853068.71:[2.15, 0.56, 9.1, -0.0, 0.0, 0.0]
1728853068.73:[1.75, 0.41, 8.67, -0.0, -0.0, 0.0]
1728853068.74:[1.75, 0.08, 8.92, 0.0, -0.0, -0.0]
1728853068.75:[1.57, 0.4, 10.16, -0.0, -0.0, -0.0]
1728853068.76:[1.29, 0.43, 10.25, -0.0, -0.0, -0.0]
1728853068.78:[1.67, 0.46, 8.92, -0.0, -0.0, -0.0]
1728853068.79:[1.68, 0.09, 8.7, 0.0, -0.0, -0.0]
1728853068.80:[1.59, -0.03, 8.73, 0.0, -0.0, 0.0]
1728853068.81:[1.58, 0.04, 10.2, 0.0, -0.0, -0.0]
1728853068.83:[1.27, 0.2, 9.99, -0.0, -0.0, -0.0]
1728853068.84:[1.61, 0.28, 8.67, -0.0, 0.0, -0.0]
1728853068.85:[1.59, 0.21, 8.81, -0.0, 0.0, -0.0]
1728853068.86:[1.56, 0.03, 9.36, -0.0, 0.0, -0.0]
1728853068.88:[1.33, 0.16, 10.15, -0.0, 0.0, 0.0]
1728853068.89:[1.35, 0.67, 9.61, -0.0, 0.0, 0.0]
1728853068.90:[1.57, 0.52, 8.72, -0.0, 0.0, 0.0]
1728853068.91:[1.76, -0.01, 8.55, -0.0, 0.0, 0.0]
1728853068.93:[1.8, 0.06, 9.61, -0.0, 0.0, -0.0]
1728853068.94:[1.68, 0.68, 10.22, -0.0, 0.0, -0.0]
1728853068.95:[1.75, 0.8, 9.06, -0.0, 0.0, -0.0]
1728853068.96:[1.83, 0.28, 8.45, -0.0, 0.0, 0.0]
1728853068.98:[1.74, 0.14, 8.96, -0.0, 0.0, 0.0]
1728853068.99:[1.65, 0.27, 9.85, -0.0, 0.0, 0.0]
1728853069.00:[1.64, 0.78, 9.84, -0.0, 0.0, 0.0]
1728853069.01:[1.76, 0.47, 8.78, -0.0, -0.0, 0.0]
1728853069.03:[1.7, 0.05, 8.56, -0.0, -0.0, -0.0]
1728853069.04:[1.66, 0.22, 9.57, -0.0, -0.0, -0.0]
1728853069.05:[1.59, 0.44, 10.11, -0.0, -0.0, -0.0]
1728853069.06:[1.64, 0.78, 9.44, -0.0, -0.0, -0.0]
1728853069.08:[1.71, 0.28, 8.62, -0.0, 0.0, 0.0]
1728853069.09:[1.62, -0.03, 8.9, 0.0, 0.0, 0.0]
1728853069.10:[1.47, 0.2, 9.85, 0.0, -0.0, 0.0]
1728853069.12:[1.57, 0.6, 10.07, -0.0, -0.0, 0.0]
1728853069.13:[1.61, 0.45, 9.0, -0.0, -0.0, 0.0]
1728853069.14:[1.73, -0.18, 8.01, -0.0, -0.0, -0.0]
1728853069.15:[1.51, -0.1, 9.23, -0.0, -0.0, -0.0]
1728853069.16:[1.15, 0.09, 9.96, -0.0, -0.0, -0.0]
1728853069.18:[1.41, 0.46, 9.59, -0.0, -0.0, -0.0]
1728853069.19:[1.53, 0.32, 8.82, -0.0, 0.0, 0.0]
1728853069.20:[1.72, 0.26, 8.4, -0.0, 0.0, 0.0]
1728853069.21:[1.44, -0.12, 9.4, 0.0, 0.0, 0.0]
1728853069.23:[1.43, 0.58, 9.3, -0.0, 0.0, 0.0]
1728853069.24:[1.52, 0.17, 8.53, -0.0, 0.0, 0.0]
1728853069.26:[1.79, -0.05, 8.66, -0.0, 0.0, -0.0]
1728853069.27:[1.71, 0.13, 9.87, -0.0, 0.0, -0.0]
1728853069.28:[1.73, 0.77, 10.21, -0.0, 0.0, -0.0]
1728853069.29:[1.74, 0.74, 9.03, -0.0, 0.0, 0.0]
1728853069.31:[1.77, 0.11, 8.6, -0.0, 0.0, 0.0]
1728853069.32:[1.77, 0.19, 9.48, -0.0, 0.0, 0.0]
1728853069.33:[1.62, 0.37, 10.01, -0.0, 0.0, 0.0]
1728853069.34:[1.55, 0.55, 9.92, -0.0, 0.0, 0.0]
1728853069.36:[1.48, 0.56, 8.57, -0.0, -0.0, 0.0]
1728853069.37:[1.65, 0.19, 8.78, -0.0, -0.0, -0.0]
1728853069.38:[1.79, 0.29, 9.68, -0.0, -0.0, -0.0]
1728853069.39:[1.48, 0.67, 10.12, -0.0, -0.0, -0.0]
1728853069.41:[1.62, 0.76, 9.45, -0.0, -0.0, -0.0]
1728853069.42:[1.68, 0.35, 8.39, -0.0, 0.0, 0.0]
1728853069.43:[1.61, -0.01, 8.89, -0.0, -0.0, 0.0]
1728853069.44:[1.46, 0.23, 9.92, 0.0, -0.0, 0.0]
1728853069.46:[1.35, 0.37, 10.11, -0.0, -0.0, 0.0]
1728853069.47:[1.61, 0.57, 9.49, -0.0, -0.0, -0.0]
1728853069.48:[1.72, 0.1, 8.1, -0.0, -0.0, -0.0]
1728853069.49:[1.55, -0.09, 9.13, -0.0, 0.0, -0.0]
1728853069.51:[1.4, 0.24, 10.04, -0.0, 0.0, -0.0]
1728853069.52:[1.47, 0.39, 9.79, -0.0, 0.0, -0.0]
1728853069.53:[1.71, 0.59, 9.49, -0.0, 0.0, 0.0]
1728853069.54:[1.72, -0.0, 8.34, -0.0, 0.0, 0.0]
1728853069.56:[1.67, 0.01, 9.41, -0.0, 0.0, 0.0]
1728853069.57:[1.64, 0.37, 10.19, -0.0, 0.0, 0.0]
1728853069.58:[1.6, 0.61, 9.29, -0.0, 0.0, -0.0]
1728853069.59:[1.9, 0.1, 8.71, -0.0, 0.0, -0.0]
1728853069.61:[1.75, 0.01, 9.38, -0.0, 0.0, -0.0]
1728853069.62:[1.8, 0.26, 9.86, -0.0, 0.0, -0.0]
1728853069.63:[1.69, 0.63, 10.24, -0.0, 0.0, 0.0]
1728853069.64:[1.9, 0.71, 8.96, -0.0, 0.0, 0.0]
1728853069.66:[1.75, 0.31, 8.75, -0.0, -0.0, 0.0]
1728853069.67:[1.78, 0.02, 8.96, -0.0, -0.0, -0.0]
1728853069.68:[1.53, 0.51, 10.27, -0.0, 0.0, -0.0]
1728853069.70:[1.71, 0.72, 8.88, -0.0, -0.0, -0.0]
1728853069.71:[1.81, 0.39, 8.57, -0.0, -0.0, -0.0]
1728853069.72:[1.59, 0.07, 9.35, -0.0, -0.0, -0.0]
1728853069.73:[1.55, 0.42, 10.13, -0.0, -0.0, -0.0]
1728853069.75:[1.47, 0.82, 9.85, -0.0, -0.0, 0.0]
1728853069.76:[1.61, 0.5, 8.61, -0.0, 0.0, 0.0]
1728853069.77:[1.52, 0.12, 8.63, -0.0, 0.0, 0.0]
1728853069.78:[1.49, 0.1, 9.39, 0.0, -0.0, -0.0]
1728853069.80:[1.3, 0.6, 10.02, -0.0, -0.0, -0.0]
1728853069.81:[1.57, 0.62, 9.15, -0.0, -0.0, -0.0]
1728853069.82:[1.59, 0.24, 8.35, -0.0, -0.0, -0.0]
1728853069.83:[1.43, -0.09, 8.86, 0.0, 0.0, -0.0]
1728853069.85:[1.51, 0.07, 9.8, -0.0, 0.0, -0.0]
1728853069.86:[1.37, 0.39, 10.23, -0.0, 0.0, -0.0]
1728853069.87:[1.56, 0.66, 9.54, -0.0, 0.0, 0.0]
1728853069.88:[1.7, 0.15, 8.22, -0.0, 0.0, 0.0]
1728853069.90:[1.54, -0.32, 8.95, -0.0, 0.0, 0.0]
1728853069.91:[1.55, 0.26, 10.33, -0.0, 0.0, -0.0]
1728853069.92:[1.56, 0.42, 10.11, -0.0, 0.0, 0.0]
1728853069.94:[1.8, 0.6, 8.88, -0.0, 0.0, 0.0]
1728853069.95:[1.83, -0.03, 8.51, -0.0, 0.0, -0.0]
1728853069.96:[1.74, 0.14, 9.45, -0.0, 0.0, -0.0]
1728853069.97:[1.45, 0.68, 10.05, -0.0, 0.0, 0.0]
1728853069.99:[1.87, 0.56, 9.07, -0.0, -0.0, 0.0]
1728853070.00:[1.5, 0.4, 8.72, -0.0, -0.0, 0.0]
1728853070.01:[1.52, 0.34, 9.79, -0.0, -0.0, -0.0]
1728853070.03:[1.66, 0.45, 9.1, -0.0, -0.0, -0.0]
1728853070.04:[1.69, 0.43, 8.64, -0.0, -0.0, -0.0]
1728853070.05:[1.62, 0.25, 9.21, -0.0, -0.0, -0.0]
1728853070.07:[1.56, 0.56, 10.0, 0.0, -0.0, -0.0]
1728853070.08:[1.48, 0.73, 9.78, -0.0, -0.0, 0.0]
1728853070.09:[1.58, 0.49, 8.68, -0.0, -0.0, 0.0]
1728853070.11:[1.62, 0.12, 8.52, -0.0, 0.0, 0.0]
1728853070.12:[1.36, 0.77, 9.64, -0.0, -0.0, 0.0]
1728853070.13:[1.56, 0.22, 8.38, -0.0, -0.0, 0.0]
1728853070.14:[1.52, 0.04, 8.42, -0.0, 0.0, 0.0]
1728853070.16:[1.57, 0.04, 9.38, -0.0, 0.0, -0.0]
1728853070.17:[1.56, 0.43, 9.87, -0.0, 0.0, -0.0]
1728853070.18:[1.4, 0.66, 9.17, -0.0, 0.0, -0.0]
1728853070.19:[1.48, 0.35, 8.77, -0.0, 0.0, 0.0]
1728853070.21:[1.56, -0.09, 8.4, -0.0, 0.0, -0.0]
1728853070.22:[1.66, -0.01, 9.03, -0.0, 0.0, 0.0]
1728853070.23:[1.61, 0.38, 10.22, -0.0, 0.0, 0.0]
1728853070.24:[1.6, 0.44, 9.38, -0.0, 0.0, 0.0]
1728853070.26:[1.84, 0.0, 8.6, -0.0, 0.0, 0.0]
1728853070.27:[1.93, -0.02, 8.51, -0.0, 0.0, -0.0]
1728853070.28:[1.87, 0.06, 9.43, 0.0, 0.0, -0.0]
1728853070.29:[1.44, 0.42, 10.34, -0.0, 0.0, 0.0]
1728853070.31:[1.87, 0.45, 9.17, -0.0, 0.0, 0.0]
1728853070.32:[1.69, 0.56, 8.59, -0.0, -0.0, 0.0]
1728853070.33:[2.19, -0.07, 8.63, -0.0, -0.0, 0.0]
1728853070.34:[1.66, 0.26, 9.75, -0.0, -0.0, -0.0]
1728853070.36:[1.53, 0.64, 10.17, -0.0, -0.0, -0.0]
1728853070.37:[1.82, 0.49, 9.08, -0.0, -0.0, 0.0]
1728853070.38:[1.76, 0.49, 8.39, -0.0, -0.0, 0.0]
1728853070.39:[1.58, -0.12, 9.03, -0.0, -0.0, 0.0]
1728853070.41:[1.6, 0.35, 9.83, -0.0, -0.0, -0.0]
1728853070.42:[1.54, 0.44, 9.98, -0.0, 0.0, -0.0]
1728853070.43:[1.65, 0.67, 9.47, -0.0, -0.0, 0.0]
1728853070.44:[1.63, 0.33, 8.16, -0.0, 0.0, 0.0]
1728853070.46:[1.4, -0.04, 9.21, -0.0, 0.0, -0.0]
1728853070.47:[1.64, 0.16, 10.19, -0.0, 0.0, -0.0]
1728853070.48:[1.67, 0.6, 9.87, -0.0, 0.0, -0.0]
1728853070.49:[1.67, 0.72, 9.19, -0.0, 0.0, 0.0]
1728853070.51:[1.63, 0.28, 8.79, -0.0, 0.0, 0.0]
1728853070.52:[1.49, -0.02, 9.33, -0.0, -0.0, 0.0]
1728853070.53:[1.33, 0.32, 10.14, -0.0, -0.0, -0.0]
1728853070.54:[1.7, 0.48, 9.88, -0.0, -0.0, -0.0]
1728853070.56:[1.72, 0.61, 8.89, -0.0, 0.0, -0.0]
1728853070.57:[1.77, 0.12, 8.78, -0.0, 0.0, -0.0]
1728853070.58:[1.6, -0.05, 9.39, -0.0, 0.0, -0.0]
1728853070.59:[1.43, 0.38, 10.19, -0.0, 0.0, -0.0]
1728853070.61:[1.48, 0.6, 9.79, -0.0, 0.0, 0.0]
1728853070.62:[1.64, 0.23, 8.69, -0.0, 0.0, 0.0]
1728853070.63:[1.6, -0.08, 8.49, -0.0, 0.0, 0.0]
1728853070.65:[1.89, 0.11, 9.3, 0.0, 0.0, -0.0]
1728853070.66:[1.8, 0.59, 9.96, -0.0, 0.0, -0.0]
1728853070.67:[2.08, 0.52, 9.15, -0.0, 0.0, 0.0]
1728853070.68:[1.6, 0.24, 8.49, -0.0, 0.0, 0.0]
1728853070.70:[1.64, 0.27, 8.57, -0.0, 0.0, 0.0]
1728853070.71:[1.74, 0.07, 9.58, -0.0, 0.0, -0.0]
1728853070.72:[1.35, 0.66, 10.28, -0.0, -0.0, 0.0]
1728853070.73:[1.97, 0.53, 9.18, -0.0, -0.0, 0.0]
1728853070.75:[1.88, 0.32, 8.5, -0.0, -0.0, 0.0]
1728853070.76:[1.76, 0.05, 8.27, -0.0, -0.0, -0.0]
1728853070.77:[1.56, 0.12, 9.7, -0.0, 0.0, -0.0]
1728853070.78:[1.65, 0.65, 10.13, -0.0, -0.0, -0.0]
1728853070.80:[1.57, 0.7, 9.17, -0.0, -0.0, 0.0]
1728853070.81:[1.64, 0.27, 8.81, -0.0, -0.0, 0.0]
1728853070.82:[1.6, 0.01, 8.47, -0.0, 0.0, -0.0]
1728853070.83:[1.65, 0.23, 9.61, -0.0, 0.0, -0.0]
1728853070.85:[1.61, 0.66, 10.19, -0.0, 0.0, -0.0]
1728853070.86:[1.6, 0.74, 9.26, -0.0, 0.0, 0.0]
1728853070.87:[1.6, 0.36, 8.87, -0.0, 0.0, 0.0]
1728853070.88:[1.63, -0.03, 8.51, -0.0, 0.0, 0.0]
1728853070.90:[1.67, 0.18, 9.65, -0.0, 0.0, -0.0]
1728853070.91:[1.69, 0.61, 10.07, -0.0, 0.0, -0.0]
1728853070.92:[1.54, 0.66, 9.23, -0.0, 0.0, -0.0]
1728853070.93:[1.62, 0.19, 8.44, -0.0, 0.0, -0.0]
1728853070.95:[1.56, -0.04, 8.69, -0.0, 0.0, -0.0]
1728853070.96:[1.77, 0.12, 9.76, -0.0, 0.0, -0.0]
1728853070.97:[1.65, 0.56, 10.16, -0.0, 0.0, 0.0]
1728853070.98:[1.64, 0.57, 9.15, -0.0, 0.0, 0.0]
1728853071.00:[1.63, 0.12, 8.48, -0.0, 0.0, 0.0]
1728853071.01:[1.74, -0.02, 8.75, -0.0, 0.0, -0.0]
